"pH" "Conductivity_.µS.cm." "O2_sat" "O2_conc" "Cl_.mg.L._avg" "SO4_.mg.L._avg" "NO3_.mg.L._avg" "N.NH4_.mg.L._avg" "DIN.N.mg.L." "P.PO4_.µg.L." "tree_cover_." "BARE_SOIL_._19_23" "GRASSLAND_._19_23" "SHRUBLAND_._19_23" "NAT_FOREST_._19_23" "PLANT_FOREST_._19_23" "Catchment_area_km2"
"AIZK_01" 7.373 170.2 95 9.3 4.78 11.2833333333333 1.21 0.0121933333333333 0.285533585608601 21.0333333333333 97.552 0.0602387422 0.0318947277 0.0695347207 0.5867377902 0.2515940192 1.2140283873
"AIZK_02" 7.125 86.9 98.5 9.56 4.00333333333333 10.9133333333333 1.2 0.00579444444444444 0.27687568637033 6.86333333333333 69.316 0 0 0.0395200478 0.4985319273 0.4619480249 0.758070161
"AIZK_03" 7.445 113.9 99.1 9.54 3.73 9.56666666666667 1.06666666666667 0.0219011111111111 0.262862215045231 18.42 81.172 0.0094829686 0.0325464801 0.074566559 0.5095494122 0.3737037967 10.5100850385
"AIZK_04" 7.112 78.1 97.2 9.41 4.91333333333333 7.84333333333333 1.56333333333333 0.0103633333333333 0.363521951286778 12.8166666666667 82.316 0 0.045567138 0.0996596916 0.4331083177 0.4212125514 3.5670113128
"AIZK_05" 6.91 53.8 98.6 6.62 4.02666666666667 6.06333333333333 1.19666666666667 0.00919444444444444 0.279522682920535 13.4844444444444 79.612 0.000197384 0.0569920715 0.0627322692 0.5095040968 0.3702866894 2.2891693384
"AIZK_06" 6.701 50.2 97.7 9.69 3.01333333333333 5.40333333333333 0.923333333333333 0.00902777777777778 0.21760973337075 6.32666666666667 83.2 0 0.0110176961 0.0979359671 0.7579065066 0.1331398302 1.2565374822
"AIZK_07" 7.151 105.1 97.1 9.47 2.75666666666667 8.22666666666667 1.09666666666667 0.0133077777777778 0.261045912760045 8.42777777777778 66.508 0.0242426237 0.033847478 0.0523558081 0.8770770322 0.012477058 3.3297574284
"AIZK_08" 6.91 322 95.3 9.68 3.66333333333333 13.0733333333333 1.79333333333333 0.01665 0.421765855989239 8.11222222222222 70.252 0.0202457378 0.1749667562 0.1295370758 0.4267879651 0.2469281512 46.5612734017
"AIZK_09" 7.16 269 99.9 10.08 4.87333333333333 10.45 2.28666666666667 0.0111333333333333 0.527693699892103 4.01555555555556 82.68 0.0192681245 0.1724338263 0.1304829771 0.4144760667 0.2617942994 48.923668395
"AIZK_10" 7.55 264 98.2 9.54 4.66333333333333 10.9 2.29 0.00785444444444444 0.525167814453009 15.5533333333333 77.376 0.0176710644 0.1727534238 0.1280774712 0.3950337491 0.2842585574 53.6058159043
"ARAL_01" 8.369 399 104.2 8.75 5.00333333333333 11.32 1.93 0.0201333333333333 0.456122330764132 10.2666666666667 71.812 0.0228880797 0.1533257116 0.0677174056 0.5592355544 0.1934831005 69.5181500823
"ARAL_02" 8.193 353 97.9 8.89 5.16666666666667 19.7 2.63666666666667 0.00628777777777778 0.601913506564931 4.67222222222222 86.736 0.0066212612 0.0646863176 0.0813089232 0.1957264613 0.6516570368 2.8231080205
"ARAL_03" 8.215 502 97.3 8.32 6.42 81.9333333333333 4.11333333333333 0.0122777777777778 0.941484034823728 4.04555555555556 82.628 0.0045542704 0.0336467435 0.0047331281 0.18897423 0.768091628 2.221515395
"ARAL_04" 7.931 186.4 99.4 9.92 4.04333333333333 12.81 1.31 0.0137688888888889 0.30969924465798 2.22111111111111 79.716 0.0673283002 0.2880635824 0.0825310727 0.4950019123 0.0578654587 17.2938848983
"ARAL_05" 8.187 217 102.5 9.41 4.51 14.2333333333333 1.42333333333333 0.0172577777777778 0.338790250839869 8.01444444444444 89.752 0.0470813414 0.2003592979 0.066769124 0.6300652033 0.0493731253 25.0745184131
"ARAL_06" 7.818 244 98.4 10.6 5.21333333333333 9.56333333333333 2.56333333333333 0.0110144444444444 0.590074097336127 4.18333333333333 86.528 0 0.1106163681 0.1121333818 0.7353075925 0.0409021701 1.8975362688
"ARAL_07" 8.011 244 97.1 9.3 2.99 9.16666666666667 1.51666666666667 0.00405 0.346666569656327 3.93111111111111 75.608 0.038075846 0.1822034983 0.07489114 0.6378415396 0.0622399398 33.5446124821
"ARAL_08" 8.224 303 96.7 8.57 4.31333333333333 14.47 1.57 0.00610333333333333 0.360767958186366 12.8377777777778 87.464 0 0.0024757619 0.0085500261 0.9010224035 0.0879518084 1.9111269034
"ARAL_09" 8.009 264 100 8.66 4.28 11.1166666666667 2.17 0.0146466666666667 0.504851912482642 13.2211111111111 55.016 0.0269062271 0.1463988255 0.0638651703 0.6540698501 0.1054733632 50.0632637051
"ARAL_10" 8.302 289 106.3 9.52 4.11 13.6966666666667 2.04 0.0209211111111111 0.481759222385116 12.14 65.936 0.0242023322 0.1541916491 0.0671448059 0.5991282091 0.1525455394 59.9713286915
"ARTI_01" 6.82 71.4 97.5 9.4 5.15333333333333 2.75333333333333 2.42333333333333 0.00357111111111111 0.55100461911144 3.59666666666667 89.44 0 0.0117905498 0.1434218711 0.6657379057 0.1788886825 4.947156726
"ARTI_02" 6.518 42.1 98 9.71 5.32666666666667 3.09666666666667 1.18666666666667 0.00504777777777778 0.273117005904486 6.78611111111111 87.568 0 0.1612504394 0.1822658582 0.646651042 0.0098326604 1.4676038177
"ARTI_03" 6 48.2 98.1 9.61 6.49666666666667 2.76 2.87 0.0186588888888889 0.666994859161631 10.3716666666667 92.144 0 0.0218916645 0.213728117 0.6971105928 0.0672696257 1.9329325564
"ARTI_04" 6.691 52.3 98.9 9.3 6.95 3.68 2.35666666666667 0.00885888888888889 0.541232327893335 4.77 87.412 0.0001864503 0.0370230005 0.1276546324 0.7581764829 0.0769594339 7.0337934336
"ARTI_05" 7.08 109.3 97.6 9.38 5.37666666666667 2.79666666666667 1.78 0.0329733333333333 0.435077175523396 8.53444444444444 62.972 0.0001610207 0.0160804279 0.1037463488 0.7840609442 0.0952139078 36.6471241049
"ARTI_06" 6.8 125.8 100.6 10.17 8.19666666666667 4.42 2.69666666666667 0.00522777777777778 0.614407568661225 6.2 69.004 0 0.0082324189 0.0733465229 0.8317069654 0.0867140929 14.7512432024
"ARTI_07" 7.037 114.7 100.1 10.14 4.79 3.44 1.96666666666667 0.00573111111111111 0.450003146489645 7.98444444444444 75.816 0 0.0107492435 0.0925898054 0.8227978595 0.0738630916 10.6783081861
"ARTI_08" 6.6 53.1 99.3 9.96 5.63 3.31333333333333 1.74333333333333 0.00486 0.398680804242327 18.56 77.74 0 0.0135353217 0.1186599769 0.8306748639 0.0371298375 6.0595144963
"ARTI_09" 5.9 71.3 98.5 9.83 5.05 2.55 1.80666666666667 0.00946777777777778 0.417595647566194 11.9044444444444 76.596 0 0.01830124 0.3694097147 0.2767529845 0.3355360607 2.8434310816
"ARTI_10" 6.6 97.5 99.5 9.94 5.79 3.46666666666667 2.68333333333333 0.0150255555555556 0.621193332639826 5.95444444444444 67.444 0.0001253159 0.0196366018 0.1361355008 0.7094698451 0.1340479645 47.088559059
"GORB_01" 7.611 75.4 99.1 9.01 2.70666666666667 3.51666666666667 0.433333333333333 0.0150344444444444 0.112924892917681 6.69666666666667 68.38 0.0020916718 0.1484607333 0.6431978608 0.1248401525 0.0813244194 7.7191169945
"GORB_02" 8.17 172.2 104 9.23 2.08333333333333 2.43333333333333 0.923333333333333 0.0179111111111111 0.226493066704084 11.4722222222222 61.256 0.0799900002 0.1649558944 0.3486507973 0.3853704063 0.0210329017 8.1801717396
"GORB_03" 7.692 53.6 99 8.68 3.10333333333333 4.05 0.216666666666667 0.0159911111111111 0.0649363353477292 11.345 84.084 0.0025101648 0.0439379524 0.3835100212 0.4724160996 0.0976257621 7.9550041393
"GORB_04" 8.17 137.4 105.1 8.67 2.67333333333333 3.24 0.836666666666667 0.0107988888888889 0.199802754787214 6.67333333333333 68.484 0.0381564517 0.1489291554 0.4759747536 0.2884186327 0.0484835957 17.5718068823
"GORB_05" 7.888 111.4 101.4 8.32 2.89333333333333 3.7 0.586666666666667 0.00874555555555556 0.141274162719322 6.60333333333333 80.86 0.0259745276 0.1117321493 0.4360170607 0.3429177057 0.0833338504 26.6076694565
"GORB_06" 7.971 113.1 100.7 8.21 2.6 3.10333333333333 0.486666666666667 0.00767 0.117608503669942 7.60777777777778 62.088 0.0237267123 0.1026054953 0.4095773926 0.3651840194 0.0988838122 29.1284202195
"GORB_07" 7.658 113.3 95.7 8.37 2.49333333333333 3.48 0.543333333333333 0.00781666666666667 0.130556228983109 3.66333333333333 44.564 0.0214482485 0.0929559983 0.3771385274 0.3509095594 0.1575272654 32.2227545104
"GORB_08" 7.556 115.7 95.2 8.2 2.75 4.26666666666667 0.53 0.0203933333333333 0.140120881850599 4.83777777777778 80.756 0.0208680164 0.0901773664 0.3694583236 0.3642046951 0.1552718247 33.2448178432
"GORB_09" 7.762 110.2 102.15 8.63 3.95333333333333 2.73666666666667 0.406666666666667 0.0161366666666667 0.10800308754155 2.42666666666667 49.816 0.0187305669 0.0810896172 0.3405199598 0.3439346035 0.2157075062 37.0427804012
"GORB_10" 7.764 122 97.9 8.29 2.67 3.95 0.466666666666667 0.0202933333333333 0.125713816304511 12.8366666666667 80.34 0.0177446646 0.0775103166 0.334885125 0.3469918453 0.2227504685 39.1706187797
"IZKI_01" 6.673 563 95.6 9.35 7.92666666666667 13.3 0.09 0.0195555555555556 0.0398866486999969 1.45222222222222 42.172 0 0.0157413467 0.0674547914 0.91620539 0.0005984719 0.5854314359
"IZKI_02" 6.574 470 96.3 9.5 5.65 10.5833333333333 0.06 0.0126911111111111 0.0262451732074054 0.595555555555556 72.696 0.0259812945 0.0602428083 0.1425535359 0.7403722125 0.0098114451 4.6277086844
"IZKI_03" 6.782 484 95 9.46 4.98333333333333 7.8 0.273333333333333 0.0134277777777778 0.075174060660896 0.982222222222222 86.996 0.0515395895 0.1107034511 0.2485434107 0.5310677563 0.0164109145 2.3328447764
"IZKI_04" 6.178 186.9 68 6.71 6.28333333333333 5.40333333333333 0.123333333333333 0.0404233333333333 0.068284460975716 1.33333333333333 83.2 0 0.0206462517 0.0351557272 0.9427499692 0.0014480519 0.966360189
"IZKI_05" 6.529 347 94.7 9.53 7.25 8.05 0.51 0.0207355555555556 0.135945083374057 1.08555555555556 80.288 0 0.0252289379 0.104937003 0.8675319888 0.0011434591 2.3122850082
"IZKI_06" 6.43 153.2 95.1 10.08 4.56666666666667 2.75666666666667 1.9 0.0483533333333333 0.477565299715985 8.68777777777778 77.948 0.0010907514 0.0116587475 0.11170583 0.6513096131 0.2005182642 3.0309091372
"IZKI_07" 6.854 338 92.3 9.19 7.17666666666667 7.22666666666667 1.69333333333333 0.0348177777777778 0.417343530273193 9.72444444444445 83.044 0.0017678362 0.0243088109 0.0884469458 0.7593242416 0.1005123542 14.6368868023
"IZKI_08" 7.925 375 93.4 9.39 5.75 6.55333333333333 1.43333333333333 0.0127122222222222 0.336503705633696 6.02555555555556 81.796 0.001284579 0.0177980246 0.0698797425 0.8100324094 0.0761516569 21.4833110972
"IZKI_09" 7.81 467 96 9.68 8.68 9.76333333333333 2.43 0.0241833333333333 0.573122848233251 2.94777777777778 75.556 0.0038817535 0.0162802353 0.1192715337 0.7047299054 0.0681031973 4.4438818689
"IZKI_10" 7.7 424 93.4 9.26 7.03333333333333 9.82 1.59666666666667 0.01369 0.374378652451386 0.874444444444444 84.292 0.0039703268 0.0273580847 0.0912746233 0.7718549605 0.0731986346 43.5981289205
